685453096
110676727
985220925
414102274
211911269
655263022
124334027
730688940
825092191
019461769
900162022
287824868
393696453
581316508
589105238
779990269
683489304
988558346
731116398
915434523
718344780
458713283
116136064
897782642
495775286
790290986
183425168
732612091
738164801
091302362
298721399
866261781
720953724
085379541
623660532
893916719
615670629
091673986
925376513
302883650
130250605
438306876
053567562
617796515
931116294
237540726
935597667
624660496
298963180
427613851
438438916
968860806
025045631
377926373
974062843
378110616
103734311
510959279
733306798
154269578
586871843
553356244
769449793
101711387
486891805
019859434
837740897
520280527
846614870
603645290
245440017
262234676
653437894
441275812
689218780
080314805
622525612
450622702
466113372
203787332
560525945
629065589
045049609
590713448
539823404
320576836
481295495
882861266
628485117
936486811
714294202
395921860
009188580
342345928
948115762
581220915
606403145
705171894
022641381
446172227
649592004
325855256
388189493
621741741
848681581
442448429
664267257
849455201
616058464
887715844
185793623
591386254
078202934
736973189
683930165
374139611
836172759
987821978
545033601
141963870
102619564
088816795
301116402
747548178
074343498
266337876
607644786
284715596
478695842
766899877
255895834
627828977
044340513
171223330
005438077
192247442